765.79
5
45,3,5,3,False,-1
12
0,45,3,0,0,25.2
4,400,80,25.2,146.284910519666,0
9,24,100,37.73,271.795423580879,0
10,85,113,40.72,292.585378420229,0
11,31,118,40.75,310.662374237504,0
15,104,144,49.02,336.493019258917,0
25,413,204,75.33,441.416801119847,0
27,362,215,78.08,458.807731067507,0
28,285,222,79.31,484.580240107611,0
35,443,325,98.23,547.449593178527,0
36,117,350,98.43,656.435321092273,0
40,297,364,112.07,716.616528938059,0
45,152,391,134.54,765.780653166109,0
135,3,5,3,False,-1
12
0,135,3,0,0,6.15
1,155,65,6.15,27.8653299665364,0
2,295,76,9.29,74.6758226174606,0
8,294,97,31.91,81.6837546313368,0
14,294,142,45.76,96.6837546313368,0
16,280,157,56.9,103.523182807565,0
19,365,172,62.35,132.294310310285,0
29,172,246,80.95,201.194399005599,0
30,154,256,85.99,208.058152432924,0
37,151,353,98.79,240.406945987621,0
41,330,373,114.25,300.444896948289,0
42,388,377,119.33,319.824152753288,0
49,397,420,141.27,334.468074510947,0
225,3,5,3,False,-1
7
0,225,3,0,0,43.97
12,85,121,43.97,105.001867814191,0
13,15,127,44.19,128.420758574525,0
17,57,161,57.77,146.433100022667,0
18,122,163,59.73,168.110020673185,0
22,294,185,71.66,225.910443585902,0
31,240,258,88.22,256.177771038307,0
46,443,397,138.94,338.187255584642,0
315,3,5,3,False,-1
10
0,315,3,0,0,3.29
0,180,38,3.29,49.7777522699378,0
3,38,77,21.25,98.8638444391505,0
6,162,86,30.11,140.305905734946,0
20,225,176,67.84,176.925572582147,0
24,96,194,75.32,220.342159274332,0
38,268,354,103.03,298.64640919447,0
39,331,363,105.15,319.859612630067,0
43,5,378,120.72,428.64124915225,0
44,225,389,129.68,502.066191932087,0
48,304,408,140.71,529.150422686449,0
405,3,5,3,False,-1
9
0,405,3,0,0,28.78
5,28,81,28.78,157.108138422994,0
7,344,90,30.99,262.484184615244,0
21,66,182,70.59,360.09338272462,0
23,48,185,72.28,366.176145254919,0
26,176,205,77.58,409.360504563456,0
32,87,264,90.08,444.95388721935,0
33,422,279,93.88,556.732438133398,0
34,81,287,96.76,670.430381044527,0
47,4,401,139.9,716.286436018519,0
631.240653166109
200.494152753288
199.247255584642
388.440422686449
576.386436018519
Mean square for load time : 181.559231526042
Mean square for finish time : 181.709253124082
Max Response Time: 0
Average Response Time: 0
Total interaction count: 0
