241.7
5
45,3,5,3,False,-1
12
0,45,3,0,0,21.25
3,38,77,21.25,46.0267812455308,0
5,28,81,28.78,49.6168911169538,0
9,24,100,37.73,56.0890537299364,0
10,85,113,40.72,76.8790085692866,0
11,31,118,40.75,94.9560043865616,0
12,85,121,43.97,112.983760763882,0
13,15,127,44.19,136.402651524215,0
17,57,161,57.77,154.414992972357,0
21,66,182,70.59,162.030766078221,0
23,48,185,72.28,168.113528608519,0
43,5,378,120.72,234.024242625454,0
47,4,401,139.9,241.698152247602,0
135,3,5,3,False,-1
13
0,135,3,0,0,3.29
0,180,38,3.29,22.2929237516523,0
1,155,65,6.15,34.558503413635,0
6,162,86,30.11,41.9371512873612,7.08284871263876
15,104,144,49.02,76.3614622058798,0
18,122,163,59.73,85.0856304247481,0
24,96,194,75.32,98.5722493075107,0
26,176,205,77.58,125.489818951807,0
29,172,246,80.95,139.221372234505,0
30,154,256,85.99,146.085125661829,0
32,87,264,90.08,168.577099538946,0
34,81,287,96.76,176.500342421616,0
36,117,350,98.43,200.687115666511,0
45,152,391,134.54,218.656224962436,0
225,3,5,3,False,-1
4
0,225,3,0,0,67.84
20,225,176,67.84,125.506666666667,0
31,240,258,88.22,153.293554061823,0
37,151,353,98.79,196.685821678173,0
44,225,389,129.68,224.116542493427,0
315,3,5,3,False,-1
12
0,315,3,0,0,9.29
2,295,76,9.29,34.5200526268883,0
7,344,90,30.99,51.5069757018762,0
8,294,97,31.91,68.3361831170287,0
14,294,142,45.76,83.3361831170287,0
16,280,157,56.9,90.1756112932564,0
22,294,185,71.66,100.610595188255,0
28,285,222,79.31,113.303550364695,0
38,268,354,103.03,157.666948691594,0
39,331,363,105.15,178.880152127191,0
40,297,364,112.07,190.218386361654,0
41,330,373,114.25,201.620140612645,0
48,304,408,140.71,216.153626850373,0
405,3,5,3,False,-1
9
0,405,3,0,0,25.2
4,400,80,25.2,50.9207222984806,11.4292777015194
19,365,172,62.35,95.1609060459408,0
25,413,204,75.33,114.390512848415,0
27,362,215,78.08,131.781442796076,0
33,422,279,93.88,161.023725728691,0
35,443,325,98.23,177.879321568385,0
42,388,377,119.33,203.109374195274,0
46,443,397,138.94,222.617207379806,0
49,397,420,141.27,239.760395207305,0
113.304242625454
102.257115666511
97.8958216781727
87.3701406126454
98.4903952073047
Mean square for load time : 8.34534794726826
Mean square for finish time : 10.6643383794471
Max Response Time: 15
Average Response Time: 5.6
Total interaction count: 56
