263.33
5
45,3,5,3,False,-1
12
0,45,3,0,0,21.25
3,38,77,21.25,46.0267812455308,0
5,28,81,28.78,49.6168911169538,0
9,24,100,37.73,56.0890537299364,0
11,31,118,40.75,62.526789701879,0
13,15,127,44.19,68.645976285441,0
17,57,161,57.77,86.6583177335827,0
21,66,182,70.59,94.2740908394466,0
23,48,185,72.28,100.356853369745,0
31,240,258,88.22,168.826635836984,0
38,268,354,103.03,202.159969170318,0
40,297,364,112.07,212.385210270436,0
48,304,408,140.71,227.2363232104,0
135,3,5,3,False,-1
15
0,135,3,0,0,6.15
1,155,65,6.15,27.8653299665364,2.24467003346356
6,162,86,30.11,37.4886478737262,3.23135212627378
10,85,113,40.72,67.9188561851005,0
12,85,121,43.97,70.5855228517671,0
15,104,144,49.02,80.5298121118847,0
18,122,163,59.73,89.2539803307529,0
24,96,194,75.32,102.740599213516,0
29,172,246,80.95,133.436237702106,0
30,154,256,85.99,140.29999112943,0
32,87,264,90.08,162.791965006547,0
34,81,287,96.76,170.715207889217,0
36,117,350,98.43,194.901981134112,0
37,151,353,98.79,206.27934657803,0
43,5,378,120.72,255.654328997155,0
47,4,401,139.9,263.328238619302,0
225,3,5,3,False,-1
5
0,225,3,0,0,3.29
0,180,38,3.29,22.2929237516523,55.7870762483477
27,362,215,78.08,162.705317987257,0
39,331,363,105.15,213.109241996759,0
41,330,373,114.25,216.459200537132,0
49,397,420,141.27,243.739637157946,0
315,3,5,3,False,-1
10
0,315,3,0,0,9.29
2,295,76,9.29,34.5200526268883,0
7,344,90,30.99,51.5069757018762,0
8,294,97,31.91,68.3361831170287,0
14,294,142,45.76,83.3361831170287,0
16,280,157,56.9,90.1756112932564,0
20,225,176,67.84,109.572059994558,0
26,176,205,77.58,128.551581121874,0
28,285,222,79.31,165.324155443265,0
44,225,389,129.68,224.474622709194,0
45,152,391,134.54,248.81708674954,0
405,3,5,3,False,-1
8
0,405,3,0,0,25.2
4,400,80,25.2,50.9207222984806,11.4292777015194
19,365,172,62.35,95.1609060459408,0
22,294,185,71.66,119.221015956099,0
25,413,204,75.33,159.390103020103,0
33,422,279,93.88,184.569459644132,0
35,443,325,98.23,201.425055483826,0
42,388,377,119.33,226.655108110714,0
46,443,397,138.94,246.162941295247,0
100.315210270436
134.934328997155
107.959241996759
114.27708674954
107.325108110714
Mean square for load time : 11.8427709831926
Mean square for finish time : 11.5352739189123
Max Response Time: 0
Average Response Time: 0
Total interaction count: 0
