425.65
5
45,3,5,3,False,-1
9
0,45,3,0,0,21.25
3,38,77,21.25,46.0267812455308,0
5,28,81,28.78,49.6168911169538,0
9,24,100,37.73,56.0890537299364,0
10,85,113,40.72,76.8790085692866,0
11,31,118,40.75,94.9560043865616,0
12,85,121,43.97,112.983760763882,0
13,15,127,44.19,136.402651524215,0
17,57,161,57.77,154.414992972357,0
23,48,185,72.28,162.958996717675,0
135,3,5,3,False,-1
17
0,135,3,0,0,6.15
1,155,65,6.15,27.8653299665364,2.24467003346356
6,162,86,30.11,37.4886478737262,11.5313521262738
15,104,144,49.02,76.3614622058798,0
18,122,163,59.73,85.0856304247481,0
21,66,182,70.59,104.797443014045,0
24,96,194,75.32,115.567772628314,0
26,176,205,77.58,142.48534227261,0
29,172,246,80.95,156.216895555308,0
30,154,256,85.99,163.080648982632,0
32,87,264,90.08,185.572622859749,0
34,81,287,96.76,193.495865742419,0
36,117,350,98.43,217.682638987314,0
37,151,353,98.79,229.060004431232,0
43,5,378,120.72,278.434986850356,0
44,225,389,129.68,351.859929630193,0
45,152,391,134.54,376.202393670539,0
47,4,401,139.9,425.648211379309,0
225,3,5,3,False,-1
1
0,225,3,0,0,3.29
0,180,38,3.29,22.2929237516523,0
315,3,5,3,False,-1
14
0,315,3,0,0,9.29
2,295,76,9.29,34.5200526268883,0
7,344,90,30.99,51.5069757018762,0
8,294,97,31.91,68.3361831170287,0
14,294,142,45.76,83.3361831170287,0
16,280,157,56.9,90.1756112932564,0
19,365,172,62.35,118.946738795977,0
20,225,176,67.84,165.632449196007,0
22,294,185,71.66,188.827276205494,0
27,362,215,78.08,213.60181510691,0
28,285,222,79.31,239.374324147014,0
31,240,258,88.22,258.583696859312,0
38,268,354,103.03,291.917030192645,0
39,331,363,105.15,313.130233628242,0
40,297,364,112.07,324.468467862705,0
405,3,5,3,False,-1
9
0,405,3,0,0,25.2
4,400,80,25.2,50.9207222984806,24.4092777015194
25,413,204,75.33,116.889863116019,0
33,422,279,93.88,142.069219740047,0
35,443,325,98.23,158.924815579741,0
41,330,373,114.25,199.848864472511,0
42,388,377,119.33,219.228120277509,0
46,443,397,138.94,238.735953462041,0
48,304,408,140.71,285.214144285504,0
49,397,420,141.27,316.47114350168,0
96.644992972357
285.748211379309
19.0029237516523
212.398467862705
175.20114350168
Mean square for load time : 92.3678521340574
Mean square for finish time : 141.592536300426
Max Response Time: 0
Average Response Time: 0
Total interaction count: 0
